452.26513671875
691.1943664550781
472.2822265625
706.2071838378906
432.248046875
703.7050476074219
499.80572509765625
698.7007751464844
412.23095703125
698.7007751464844
534.8356323242188
631.1430969238281
382.205322265625
628.6409606933594
647.4317626953125
628.6409606933594
277.1156311035156
623.6366882324219
770.036376953125
618.6324157714844
159.51524353027344
618.6324157714844
497.3035888671875
405.95086669921875
414.73309326171875
405.95086669921875
502.307861328125
243.31201171875
409.72882080078125
250.81842041015625
499.80572509765625
115.70306396484375
414.73309326171875
125.71160888671875
899
934
72
858
65
901
